	SRR521207	SRR515153	SRR521174	SRR518987	SRR521180	SRR521181	SRR521183	SRR521188	SRR521191	SRR521194	SRR521211	SRR521212	SRR521213	SRR521214	SRR521235	SRR521190	SRR521196	SRR521177	SRR521198	SRR521185	SRR521225	SRR521215	SRR521221	SRR521242	SRR521203	SRR521219	SRR521197	SRR521227	SRR521247	SRR521172	SRR521173	SRR521232	SRR521220	SRR521259	SRR521244	SRR521176	SRR521195	SRR521209	SRR521192	SRR521189	SRR521175	SRR521200	SRR521251	SRR521253	SRR521216	SRR521230	SRR521234	SRR521236	SRR521239	SRR521241	SRR521243	SRR521249	SRR521258	SRR521264	SRR521265	SRR521222	SRR521182	SRR521187	SRR521205	SRR521226	SRR521250	SRR521199	SRR521233	SRR521245	SRR521179	SRR521237	SRR521204	SRR521184	SRR521255	SRR521178	SRR521186	SRR521252	SRR521217	SRR521246	SRR521193	SRR521202	SRR521224	SRR521257	SRR521208	SRR521223	SRR521256	SRR521231	SRR521248	SRR521240	SRR521238	SRR521260	SRR521262	SRR521229	SRR521254	SRR521261	SRR521201	SRR521206	SRR521263
SRR521207	0.0	0.35204875	0.389665075	0.339665825	0.2285014875	0.185550375	0.3277813625	0.2779393625	0.168783675	0.3568395	0.257122475	0.2649647875	0.16195965	0.3054707125	0.38170385	0.2557296125	0.2412611	0.3386335875	0.2256760875	0.2832981	0.1435599875	0.1506189125	0.1851807	0.493213375	0.298209325	0.242223025	0.242041325	0.0833012875	0.51476765	0.27395395	0.1881020625	0.5408934875	0.161889725	0.5598877	0.56131695	0.1861834875	0.2435918375	0.532708475	0.455163375	0.135836025	0.2333910625	0.3090317875	0.525982	0.509163475	0.5195060625	0.2215156625	0.59288305	0.4980899875	0.5085648875	0.5060145125	0.4895657625	0.42444945	0.5683548875	0.4272564375	0.5485799375	0.239923975	0.2558173125	0.3696749625	0.08883345	0.1270325	0.379302925	0.2626857625	0.393138375	0.4547141	0.417296825	0.5306510375	0.5556562875	0.3888294	0.4778834	0.3317188625	0.329948275	0.334996175	0.5951029125	0.5141280875	0.2882298375	0.5568324	0.5733063875	0.4837826875	0.5364519125	0.5449755	0.5086076	0.5764281	0.569163925	0.59363425	0.582924625	0.556117875	0.5502582875	0.5558414625	0.428148225	0.5615847125	0.573128725	0.5585867125	0.4195221375
SRR515153	0.35204875	0.0	0.088365625	0.057141625	0.2166098875	0.44743965	0.0933049375	0.1463877125	0.253171275	0.056204225	0.174200675	0.1799183875	0.387324525	0.1494381375	0.213085675	0.1685307375	0.171548575	0.0769520125	0.1983028625	0.123798125	0.2905342375	0.2997005375	0.24607005	0.2312049	0.135869675	0.2204345	0.16622995	0.3294498125	0.24592915	0.13011685	0.2212379875	0.2638443375	0.320745925	0.2733035	0.261785375	0.2465348125	0.1886822875	0.253324125	0.157491525	0.2944778	0.1939803375	0.1114588375	0.2394922	0.239803125	0.2517381125	0.3226170875	0.315060525	0.2245979625	0.2389958375	0.2437906875	0.2062182125	0.3019298	0.2863947125	0.1632712875	0.2574521625	0.2064097	0.1628679125	0.1043784625	0.310429825	0.274273225	0.083917625	0.1626645875	0.34056475	0.183626425	0.10710395	0.2636984875	0.2808064125	0.100976075	0.20957675	0.0921971375	0.086271625	0.259425625	0.2833744125	0.2443382125	0.1311519125	0.275579025	0.2918537375	0.2199488125	0.2624872375	0.270912925	0.236877525	0.2989814	0.281876075	0.283305875	0.286770925	0.2722711	0.2812460375	0.2604716125	0.1763669	0.2842501875	0.2769339	0.2822306125	0.1558119875
SRR521174	0.389665075	0.088365625	0.0	0.1011003	0.2430889625	0.471556475	0.1018216375	0.1507059875	0.285630475	0.09438075	0.201981225	0.2117412125	0.4182525	0.1816806375	0.2363401	0.1945986375	0.193607775	0.0993354125	0.2270227125	0.154181925	0.3177314125	0.3303840125	0.270057875	0.2247066	0.164504625	0.250984775	0.186777975	0.3584425125	0.230610125	0.175825175	0.2549853125	0.2476901625	0.355701225	0.248060375	0.24320135	0.2718952375	0.2105278875	0.247544775	0.132854425	0.3238985	0.2168610125	0.1226322875	0.231319875	0.22932615	0.2401800125	0.3560091125	0.29939065	0.2128582875	0.2262720625	0.2267730625	0.1930313875	0.31748315	0.2653944125	0.1711367375	0.2314365375	0.235417925	0.1922087375	0.1172458375	0.3410098	0.2991043	0.069359	0.1799359375	0.354259875	0.1730414	0.1037425	0.2416656875	0.2727862125	0.1040829	0.214285225	0.1073828625	0.111306275	0.292345	0.2537791625	0.2365705875	0.1678086625	0.2605139	0.2760880125	0.2066636875	0.2533678875	0.262910125	0.22768145	0.27855855	0.264630125	0.252964225	0.26705735	0.253394275	0.2626574625	0.2407871875	0.18502715	0.2693176625	0.25936035	0.2679973875	0.1523749375
SRR518987	0.339665825	0.057141625	0.1011003	0.0	0.2150624125	0.4336488	0.0899932625	0.1350713875	0.2411581	0.072952	0.156395225	0.1740428375	0.3777273	0.1435257375	0.217575425	0.1690899125	0.169986825	0.0795402625	0.1979649125	0.1127965	0.2755446875	0.2871655625	0.2333593	0.24489295	0.13108735	0.210233225	0.1632007	0.3135123125	0.2612229	0.1206427	0.2119790125	0.2702818375	0.316352025	0.283657525	0.270706525	0.2329849875	0.1818310625	0.2683994	0.171834725	0.284296925	0.1837306375	0.1041408875	0.255215825	0.25192475	0.2636055625	0.3168278375	0.328422025	0.2434560125	0.2480249875	0.2541302375	0.2169206125	0.3043362	0.3013524125	0.1798692875	0.2662743875	0.19852105	0.1513297375	0.1153104375	0.304021575	0.265744725	0.0939285	0.1530117875	0.3410073	0.197379825	0.126077325	0.2710208375	0.2949948125	0.112444975	0.22771515	0.0854441625	0.0813943	0.259774575	0.3000168375	0.2631319125	0.1216930375	0.288898875	0.3011728875	0.2370217125	0.2781542625	0.2837125	0.24887535	0.306365675	0.29542775	0.29887625	0.305044725	0.279658675	0.2882626125	0.2752118625	0.180264025	0.2920525375	0.2903967	0.2989324125	0.1706522625
SRR521180	0.2285014875	0.2166098875	0.2430889625	0.2150624125	0.0	0.3045720625	0.18448305	0.1432248	0.1410083875	0.2398304375	0.1470511375	0.1229503	0.2738323875	0.206601025	0.2779185125	0.120822225	0.1143550875	0.19655485	0.112742275	0.1467192875	0.165877975	0.179142575	0.1281970875	0.3891355625	0.1563964625	0.1136857875	0.1083488125	0.1999387	0.4069323625	0.1633354125	0.10398585	0.424918825	0.2048271125	0.4352083375	0.4233032875	0.1306537	0.108438325	0.4221995375	0.2788629625	0.1712048875	0.102707325	0.174804325	0.3978523375	0.4063759875	0.414497225	0.24679115	0.4772107875	0.388556075	0.405466925	0.401602725	0.377951325	0.3230477125	0.440297475	0.320357025	0.410505325	0.1535741375	0.146532025	0.245570725	0.1831869125	0.1503016625	0.2380054875	0.142248875	0.3213916375	0.3373966375	0.2732172875	0.427151825	0.44703085	0.2147227125	0.3639734625	0.20265945	0.1892946875	0.2264018375	0.429686875	0.4003244	0.1814709	0.4359863875	0.4553869	0.377756425	0.425852225	0.4404200375	0.3928661125	0.4615205375	0.4363878375	0.4333426625	0.4403198125	0.4321012125	0.443682975	0.42004955	0.3088868375	0.448708625	0.4383090375	0.439151	0.314550975
SRR521181	0.185550375	0.44743965	0.471556475	0.4336488	0.3045720625	0.0	0.4149108125	0.3624338625	0.2588558	0.45587475	0.3514726	0.3607314125	0.218483625	0.4072530375	0.487147325	0.3404637625	0.33447115	0.4257750125	0.3231632875	0.381839425	0.2359717125	0.2381869375	0.2715369	0.596678225	0.3950926	0.337376225	0.3332343	0.1936932375	0.618145075	0.372596	0.2816358375	0.6292672875	0.2639248	0.64925215	0.654093625	0.2716407875	0.3351266875	0.633036125	0.5207702	0.21610015	0.3263203625	0.3939999375	0.61619935	0.6134451	0.6207119125	0.3305333625	0.691422925	0.5997564875	0.6108696875	0.6069315625	0.5886940875	0.525923275	0.6376869375	0.5256626375	0.6311214375	0.351885525	0.3548176625	0.4691871625	0.219129625	0.2403313	0.46466075	0.3635301875	0.495203475	0.546231	0.50376795	0.6314864375	0.6618314125	0.460671125	0.57923745	0.4182418625	0.406276375	0.431552325	0.6641431625	0.6234345875	0.3656907375	0.641224525	0.6641528125	0.5849596375	0.6336964875	0.6538239	0.605422625	0.67330425	0.652756625	0.6773427	0.665227525	0.647611475	0.6553963875	0.6547805875	0.501677425	0.6635355875	0.663289	0.6479672125	0.5165398625
SRR521183	0.3277813625	0.0933049375	0.1018216375	0.0899932625	0.18448305	0.4149108125	0.0	0.09601265	0.2305078875	0.1164794875	0.1441269625	0.151565375	0.3598238375	0.131018025	0.2116245875	0.13197965	0.1324229625	0.0765019	0.1648893	0.0981828625	0.260687775	0.26727465	0.2115812625	0.2708404125	0.1074748875	0.1898406125	0.1219230375	0.29858085	0.2842500875	0.1096878375	0.1963587	0.30016725	0.2980223625	0.3114654125	0.2944455625	0.203108125	0.141745075	0.2998728625	0.1875959375	0.2619737875	0.152732525	0.0662402	0.2840087625	0.2832290125	0.29641535	0.29928295	0.3536847875	0.265445475	0.283551425	0.285191725	0.24831645	0.2976992875	0.326120875	0.201101725	0.286852425	0.1819147625	0.1299928	0.14304555	0.2841944125	0.2426837125	0.1200249625	0.12305945	0.3365898375	0.2237828375	0.1566968875	0.2985237	0.323816825	0.1358029375	0.2511362875	0.081011825	0.0847919875	0.2370236875	0.315900475	0.286423525	0.120868875	0.3174964125	0.33115795	0.2621018	0.308250075	0.3162237375	0.2749689875	0.3324859125	0.3226575875	0.3114263625	0.3238897625	0.3080778875	0.316614575	0.29405775	0.2027627875	0.31921085	0.3169051125	0.3269381	0.19681465
SRR521188	0.2779393625	0.1463877125	0.1507059875	0.1350713875	0.1432248	0.3624338625	0.09601265	0.0	0.1742914625	0.1635109625	0.1013882625	0.12379215	0.3187526625	0.146544925	0.2175866625	0.10022345	0.0957779375	0.13229965	0.12680985	0.1036178125	0.212459525	0.226687925	0.1697508375	0.3239302125	0.1157733875	0.1530389625	0.0886593875	0.24943295	0.3400700625	0.1003978125	0.142257425	0.3525248	0.2544921375	0.3597154875	0.3560629125	0.16629225	0.120073825	0.3531814125	0.2347946125	0.2254679125	0.121716625	0.0814143	0.3358473125	0.3361063875	0.34894145	0.260744025	0.4070011625	0.318859675	0.3352986	0.333981925	0.300989425	0.2903074625	0.369910025	0.25675975	0.33839835	0.1482419375	0.100101675	0.195743975	0.2285706125	0.1928273625	0.1686921625	0.095917775	0.3282743375	0.2764895875	0.2079395875	0.353948225	0.38113355	0.1842414875	0.3089021375	0.12472325	0.1185010375	0.2225412125	0.370789075	0.339940675	0.093414075	0.3655911125	0.3814501	0.3134245	0.355364175	0.3710852375	0.3328528125	0.3858269625	0.3690146375	0.3739243125	0.3776073625	0.3622532125	0.36884515	0.35499215	0.2463360875	0.37675165	0.3668423375	0.37358925	0.24842645
SRR521191	0.168783675	0.253171275	0.285630475	0.2411581	0.1410083875	0.2588558	0.2305078875	0.1742914625	0.0	0.25759305	0.176774725	0.1800490625	0.22658345	0.2379625125	0.2985844	0.1543295125	0.150025825	0.2379704125	0.1437224625	0.184298175	0.1316170125	0.1425377625	0.104838375	0.410645875	0.215486425	0.162134925	0.14697715	0.1463663125	0.429846275	0.185270525	0.0791431625	0.4518675875	0.17328205	0.46085915	0.469552125	0.1017768125	0.1549001875	0.443162575	0.355665525	0.138682825	0.1429248125	0.2040616125	0.435904825	0.42617835	0.4401676875	0.2018053625	0.504352775	0.4115440625	0.4302251125	0.4263074625	0.3999370375	0.343931925	0.4641399625	0.3436783625	0.4602943125	0.179990225	0.1687405375	0.2920747875	0.1369147	0.10661005	0.277340325	0.1838788375	0.314327375	0.366859	0.3019261	0.4472493375	0.4734278375	0.29432425	0.392013375	0.2362634625	0.2184731	0.25200465	0.4907085625	0.4332715875	0.1792491375	0.455990575	0.4723421375	0.3958847125	0.4521253875	0.462138675	0.4218767	0.483598025	0.48049165	0.490598575	0.481331325	0.465328525	0.4598379125	0.4602077875	0.333665025	0.4705971625	0.475487925	0.4656265625	0.3246145375
SRR521194	0.3568395	0.056204225	0.09438075	0.072952	0.2398304375	0.45587475	0.1164794875	0.1635109625	0.25759305	0.0	0.190670275	0.1988365875	0.3923578	0.1477246875	0.218137275	0.1912552375	0.19318985	0.0998278625	0.2087277875	0.143258975	0.2991686375	0.3185561375	0.26312715	0.2273812	0.159223225	0.2270415	0.187806075	0.3408052125	0.244313225	0.1361335	0.2339246625	0.2593381625	0.3256965	0.26967685	0.260588925	0.2665476875	0.2115474125	0.2478228	0.16593875	0.3022131	0.2084507625	0.1277830875	0.243363575	0.2382042	0.2473598375	0.3409366875	0.313369475	0.2231986625	0.2356641875	0.2402308625	0.2031413125	0.30574165	0.2857399625	0.1653834625	0.2593777875	0.21145115	0.1712011625	0.0938948625	0.314593925	0.29111045	0.0819586	0.1830989625	0.349325475	0.1827644	0.1067307	0.2614929375	0.2736961125	0.1068989	0.21044745	0.1127883875	0.109751375	0.274806675	0.2862670875	0.2437716875	0.1374247375	0.2750438	0.2886453125	0.2168294125	0.2589371875	0.265499925	0.23682515	0.295406575	0.282490025	0.288901325	0.292801425	0.27358075	0.2765193375	0.2606155875	0.18224335	0.2816530375	0.27570325	0.2808910125	0.1541195375
SRR521211	0.257122475	0.174200675	0.201981225	0.156395225	0.1470511375	0.3514726	0.1441269625	0.1013882625	0.176774725	0.190670275	0.0	0.1187545875	0.30678055	0.1624179375	0.210799125	0.1153337875	0.109057925	0.1617021125	0.1325659125	0.121152475	0.1614900375	0.1740782625	0.128046275	0.3092218	0.13418915	0.14909785	0.101071875	0.2410516125	0.33235405	0.10769525	0.1459888875	0.3297772625	0.2460777	0.370078275	0.3609077	0.1704976875	0.1285835625	0.3406738	0.271771525	0.219742775	0.1298287875	0.1378438375	0.3194569	0.32325525	0.3342579875	0.2323087125	0.404206025	0.3142810125	0.3273923375	0.3229902625	0.3062062125	0.250866875	0.3716702875	0.2510073125	0.3414720625	0.1418536	0.0954825625	0.2174428625	0.22462945	0.2070717	0.20289785	0.1068285125	0.2888714	0.2581446	0.2357169	0.3452226125	0.3716215625	0.21359585	0.2921344	0.1603866625	0.15829655	0.19364835	0.3995829375	0.3320381375	0.1105823625	0.358699525	0.3784315625	0.3042688875	0.3496121375	0.361220425	0.315317525	0.3752795	0.3640314	0.40228145	0.38535195	0.3561683	0.3614025125	0.3745139875	0.234396775	0.3698770875	0.379294775	0.3675832125	0.2424670625
SRR521212	0.2649647875	0.1799183875	0.2117412125	0.1740428375	0.1229503	0.3607314125	0.151565375	0.12379215	0.1800490625	0.1988365875	0.1187545875	0.0	0.2532863625	0.1295771	0.2252666875	0.094784825	0.0919923875	0.16528775	0.11049175	0.1153998375	0.202848375	0.2143302	0.1651012625	0.3401648625	0.0818444125	0.0765510625	0.0992249625	0.2431433	0.3602204875	0.1163510625	0.14707425	0.380846875	0.2023278375	0.3923188875	0.3816826375	0.167230525	0.11077225	0.3766074125	0.2721093125	0.1984161875	0.110794875	0.1539502	0.3520988125	0.3589965875	0.37249925	0.25702535	0.4290737125	0.344448875	0.3567684	0.36327715	0.33784655	0.2923219625	0.4019811	0.283899875	0.373770575	0.1089463375	0.10388795	0.1939976	0.2200369125	0.1963314875	0.2134265125	0.113409725	0.3191664625	0.2860303125	0.2413947625	0.380115925	0.39955185	0.2144803875	0.3154396875	0.164384425	0.1677105375	0.1984115375	0.405708075	0.349649525	0.1413289	0.3970444625	0.41101345	0.33423885	0.3843781	0.3917316125	0.3448001625	0.4161664125	0.3998494125	0.3991522625	0.4083464375	0.3935927875	0.39580315	0.374140625	0.2782205125	0.40244005	0.3954282625	0.400205425	0.267549125
SRR521213	0.16195965	0.387324525	0.4182525	0.3777273	0.2738323875	0.218483625	0.3598238375	0.3187526625	0.22658345	0.3923578	0.30678055	0.2532863625	0.0	0.2756811375	0.399566325	0.2955068375	0.28142115	0.3752755625	0.2650598375	0.327316	0.1968801625	0.2126869875	0.2368368	0.5261606	0.303398275	0.2428517	0.281050825	0.1613393875	0.54386025	0.3096836	0.2470281875	0.5751610625	0.125135675	0.58199455	0.585409575	0.2370276125	0.2848079125	0.566089525	0.49277405	0.1810961	0.2658362125	0.3509903875	0.5502947	0.54883565	0.5604122875	0.2776977625	0.59815215	0.5219818875	0.5463509375	0.5483569875	0.5261548875	0.465102275	0.6013170625	0.4630146125	0.5760396375	0.230158925	0.2977220625	0.3638907125	0.175926325	0.196701075	0.42431565	0.3159928875	0.439691225	0.476620675	0.4513385	0.5639644875	0.5838784125	0.421628325	0.502673125	0.3739741125	0.3799028	0.35329475	0.6151747625	0.5317511875	0.3234618125	0.590943775	0.5973911125	0.5260898125	0.5706783875	0.5772961	0.538244725	0.606070925	0.59589525	0.610443775	0.604608075	0.59272535	0.5824674875	0.5748698875	0.47593645	0.5935623875	0.5908643	0.5920635125	0.4514942125
SRR521214	0.3054707125	0.1494381375	0.1816806375	0.1435257375	0.206601025	0.4072530375	0.131018025	0.146544925	0.2379625125	0.1477246875	0.1624179375	0.1295771	0.2756811375	0.0	0.1959584375	0.1632447	0.1598226125	0.14502285	0.167312825	0.1145992875	0.258048925	0.283261875	0.2284149125	0.2938492125	0.0860202125	0.1583857625	0.1668516375	0.296439275	0.3095124375	0.1178413375	0.214726625	0.336915825	0.2152508125	0.3394463625	0.3393580375	0.24328965	0.1871537	0.3223279125	0.2542910625	0.2677552375	0.176501175	0.134078425	0.3027702125	0.3074254375	0.321796625	0.30982515	0.3581566625	0.284474425	0.303279325	0.31364205	0.2833368	0.3103732125	0.36522215	0.23185205	0.3339844	0.1167986625	0.1447405	0.113879925	0.2748926625	0.2532059125	0.1862106125	0.1599946	0.3503815125	0.2353251375	0.2116093125	0.326293725	0.3400832	0.1880327875	0.2642557875	0.150399175	0.1555337125	0.2223402875	0.367320625	0.29642095	0.1282835	0.3475847125	0.3566221	0.28929305	0.326750875	0.3327298375	0.2951215875	0.3658872875	0.3536294625	0.3629488375	0.3656848625	0.3507461625	0.34307175	0.326822775	0.2460804875	0.352491825	0.3423472625	0.350476625	0.2187162
SRR521235	0.38170385	0.213085675	0.2363401	0.217575425	0.2779185125	0.487147325	0.2116245875	0.2175866625	0.2985844	0.218137275	0.210799125	0.2252666875	0.399566325	0.1959584375	0.0	0.2312288875	0.237631	0.2144984875	0.2583414625	0.2078958	0.3304235375	0.3355303375	0.2855755	0.189998375	0.19940385	0.249249325	0.235080275	0.3731378875	0.266531625	0.1908811	0.2764015875	0.3133955625	0.34256	0.348065075	0.352197025	0.3084923875	0.2417024625	0.2959117	0.31110005	0.343622925	0.2542210375	0.2203791625	0.30557705	0.286507175	0.2646730375	0.2511485375	0.3265524	0.2511181625	0.3094906125	0.2705766375	0.3045443875	0.189704325	0.3430594375	0.1976829125	0.3389815125	0.2307818	0.2128109125	0.2143120875	0.353737325	0.336169075	0.239842075	0.2203189125	0.223720925	0.2394509	0.264335475	0.3041494125	0.3229758375	0.2569168	0.1776754	0.2251011125	0.226925875	0.108458675	0.4012477375	0.2196210625	0.2114796625	0.347785225	0.3466130875	0.2570246625	0.2968183375	0.3046509	0.265784225	0.3535661	0.3519983	0.38987335	0.3695949	0.35513445	0.3276678375	0.3503950125	0.1940071	0.3495072875	0.359499275	0.3361286375	0.1906535875
SRR521190	0.2557296125	0.1685307375	0.1945986375	0.1690899125	0.120822225	0.3404637625	0.13197965	0.10022345	0.1543295125	0.1912552375	0.1153337875	0.094784825	0.2955068375	0.1632447	0.2312288875	0.0	0.0534949375	0.128265475	0.076478	0.1130277125	0.20794955	0.211794225	0.1536650375	0.3430147375	0.1228092375	0.1279493375	0.0736952375	0.225138875	0.3643652125	0.1106077125	0.1264167	0.384631475	0.2271914625	0.3801588875	0.3760613125	0.13560935	0.079355175	0.3762879375	0.2603132875	0.1859508625	0.0831467	0.12084665	0.3568648875	0.3648512125	0.37475835	0.2462267	0.4270371875	0.3433696	0.360149475	0.36191105	0.3321596	0.2960750625	0.395263325	0.2788728	0.36914845	0.1273195125	0.0884908	0.207733625	0.2097514125	0.1748192125	0.2036060125	0.0886863	0.3222223125	0.2957529375	0.2244660125	0.382759475	0.40207575	0.2079410625	0.3219472375	0.129306575	0.1463134125	0.2064517125	0.391921475	0.354567175	0.132563475	0.3881730375	0.405121225	0.33201885	0.384657875	0.3931232875	0.3503858875	0.4095266375	0.3943456125	0.3882533625	0.3997350125	0.3826586125	0.390816375	0.36998555	0.2724969625	0.401167675	0.3916383625	0.3999287	0.255729325
SRR521196	0.2412611	0.171548575	0.193607775	0.169986825	0.1143550875	0.33447115	0.1324229625	0.0957779375	0.150025825	0.19318985	0.109057925	0.0919923875	0.28142115	0.1598226125	0.237631	0.0534949375	0.0	0.1390116125	0.0667332375	0.11178415	0.1893060125	0.2009953875	0.145889275	0.3472078	0.124310325	0.11923435	0.075059975	0.2149735375	0.36944155	0.11402325	0.1208708125	0.3889981625	0.2154555	0.3814803	0.38145655	0.1271409125	0.0778068125	0.382061075	0.2671478	0.182132925	0.0786615875	0.1319777625	0.363928325	0.36592305	0.3787720875	0.2453332125	0.43418715	0.3490344375	0.3616388125	0.3674193625	0.3323467375	0.29601625	0.4065207125	0.2812154625	0.3766595875	0.11091365	0.0832195875	0.2124256875	0.198770825	0.162073775	0.2012957	0.0894283375	0.317328575	0.300715	0.237261325	0.3878150625	0.4096587875	0.20400375	0.329322625	0.1335609125	0.153954425	0.20446805	0.3994541375	0.3618038375	0.1253615875	0.395895675	0.4117998375	0.3355803625	0.3887820625	0.39759105	0.356002175	0.415584525	0.40026785	0.393418925	0.40600795	0.39030115	0.4001939125	0.3792550875	0.276527225	0.4090455875	0.3980761	0.4046431125	0.2641426375
SRR521177	0.3386335875	0.0769520125	0.0993354125	0.0795402625	0.19655485	0.4257750125	0.0765019	0.13229965	0.2379704125	0.0998278625	0.1617021125	0.16528775	0.3752755625	0.14502285	0.2144984875	0.128265475	0.1390116125	0.0	0.166040725	0.1032125875	0.2808434	0.28788385	0.2297160125	0.2591507625	0.1174042875	0.2023440125	0.1513960625	0.31206445	0.2762781375	0.1332314875	0.2090337	0.28998275	0.3071865625	0.2888230375	0.2801958375	0.21898445	0.159995675	0.2848828375	0.1628256625	0.2809278625	0.171811125	0.094638425	0.2644250125	0.2728211875	0.2857052	0.325553775	0.3421318125	0.25796375	0.272594625	0.274095625	0.2369711	0.3113027625	0.304430725	0.190984425	0.273544225	0.1921358875	0.14153105	0.124638925	0.2924228625	0.2583275625	0.1047346125	0.134323475	0.3470403875	0.2061785875	0.1288666875	0.2923213	0.314027675	0.1122819875	0.2352378375	0.04528565	0.0724494625	0.2570162375	0.29310795	0.269591075	0.135488025	0.2976659625	0.313566425	0.243429475	0.2951493	0.3066541125	0.2610706125	0.3170179375	0.3018646125	0.2920604875	0.3055458625	0.2892610375	0.30271155	0.27957525	0.1815232125	0.309163775	0.3004612625	0.311343575	0.1724292
SRR521198	0.2256760875	0.1983028625	0.2270227125	0.1979649125	0.112742275	0.3231632875	0.1648893	0.12680985	0.1437224625	0.2087277875	0.1325659125	0.11049175	0.2650598375	0.167312825	0.2583414625	0.076478	0.0667332375	0.166040725	0.0	0.1346572375	0.180546425	0.20167285	0.1519328375	0.3687535375	0.1464551875	0.1151363375	0.0939299625	0.205286275	0.3897836375	0.1250142125	0.11665435	0.41271835	0.1955422875	0.4094874875	0.4084427625	0.133332975	0.08884285	0.4002728375	0.2971870875	0.1831326375	0.086210825	0.152224175	0.3868140625	0.3883151625	0.396248	0.24889775	0.4537118875	0.36973715	0.38325605	0.38653345	0.3613106	0.3121557875	0.42070395	0.30461065	0.398482925	0.1027888875	0.1057779	0.221550025	0.1819736125	0.1644314625	0.2318171625	0.1134592	0.3240332125	0.3227813625	0.2587335125	0.410389575	0.426716575	0.2359751375	0.3476905375	0.160494425	0.1740775125	0.2123986625	0.4231655	0.379245425	0.146401375	0.4134530625	0.43121895	0.354978975	0.409000125	0.4184432625	0.3771998375	0.4345470125	0.4210116625	0.4204555125	0.4257062875	0.4070118375	0.4164303	0.3989528	0.2996005125	0.4248104	0.4177831375	0.4224078	0.28362655
SRR521185	0.2832981	0.123798125	0.154181925	0.1127965	0.1467192875	0.381839425	0.0981828625	0.1036178125	0.184298175	0.143258975	0.121152475	0.1153998375	0.327316	0.1145992875	0.2078958	0.1130277125	0.11178415	0.1032125875	0.1346572375	0.0	0.2294824125	0.2447920875	0.190231175	0.29709715	0.0749891	0.155000775	0.1167289	0.2592336125	0.31452035	0.083464925	0.1538622375	0.3330855375	0.2614536	0.3357917	0.325681	0.1837404375	0.1289769875	0.3291862	0.2143859	0.225362925	0.1298428125	0.0942619625	0.310314325	0.30850945	0.3221027125	0.2754385125	0.380892825	0.2988218375	0.3063219125	0.3098341125	0.2817559875	0.2975194	0.3509304875	0.2327912375	0.3243515375	0.15188885	0.0986872875	0.1567134875	0.24852795	0.209808225	0.151669125	0.0963909125	0.330675575	0.248590275	0.171239325	0.3271814375	0.3524012625	0.154567425	0.276404125	0.1078473625	0.089429925	0.217423125	0.3411216625	0.3082188375	0.1050580125	0.3371159	0.3517862125	0.2814165125	0.3357693125	0.343957075	0.30456265	0.3599082	0.346643275	0.343466225	0.3522146	0.331541925	0.3413255375	0.3164042125	0.223622125	0.3492162625	0.3389035	0.3458424375	0.2131486875
SRR521225	0.1435599875	0.2905342375	0.3177314125	0.2755446875	0.165877975	0.2359717125	0.260687775	0.212459525	0.1316170125	0.2991686375	0.1614900375	0.202848375	0.1968801625	0.258048925	0.3304235375	0.20794955	0.1893060125	0.2808434	0.180546425	0.2294824125	0.0	0.0652252	0.0960092875	0.4287739625	0.2429701625	0.1845514875	0.1834050125	0.126302625	0.4545319625	0.2151878875	0.139927275	0.46282395	0.1498229875	0.4925118625	0.4885189625	0.133643825	0.191178175	0.4681047125	0.3868122375	0.1196394125	0.178809225	0.250390475	0.4535084625	0.4500222375	0.44886165	0.20288325	0.5278119625	0.43521525	0.449193125	0.443402575	0.429103725	0.3609977875	0.498539	0.36851995	0.4694938	0.1966341375	0.206905475	0.317778225	0.1163344625	0.1105253625	0.3178542125	0.2144486	0.3316441125	0.3878712125	0.3546988875	0.467968425	0.4960368	0.3225692875	0.4171699125	0.274183825	0.2673099125	0.2758693375	0.522971275	0.4576159	0.2225346	0.4835563625	0.49958815	0.42244925	0.4707506	0.4856785875	0.4433356875	0.5034081375	0.4914044125	0.5226707875	0.5067639375	0.4832567625	0.48319905	0.49395975	0.3609895625	0.4938014	0.4993961125	0.484908125	0.36439925
SRR521215	0.1506189125	0.2997005375	0.3303840125	0.2871655625	0.179142575	0.2381869375	0.26727465	0.226687925	0.1425377625	0.3185561375	0.1740782625	0.2143302	0.2126869875	0.283261875	0.3355303375	0.211794225	0.2009953875	0.28788385	0.20167285	0.2447920875	0.0652252	0.0	0.0995735875	0.4289348875	0.2511203625	0.1993277125	0.1914292875	0.12702965	0.4559900375	0.2286774625	0.1584943	0.4658759	0.1642708875	0.4983941125	0.4942828375	0.139273575	0.1954259	0.4721382125	0.3964825375	0.1196627375	0.192011675	0.2592636	0.4538586875	0.4517751625	0.449862	0.194218825	0.5370118375	0.439378575	0.4492592	0.448216825	0.436388175	0.3602851125	0.49617555	0.37117365	0.4755941	0.2253301625	0.21859085	0.33652685	0.1210983625	0.1239448125	0.3296748375	0.222892025	0.3321599375	0.3879858375	0.3654714625	0.4749298	0.50175065	0.3347161125	0.4178646625	0.282750875	0.2814191125	0.2790837875	0.529290225	0.462800025	0.232693875	0.4855878625	0.5068464	0.422383575	0.474373025	0.4906456625	0.4447545625	0.5116134875	0.5014441875	0.5288251125	0.5122366875	0.4857120625	0.488963475	0.503619225	0.3606675125	0.4997755	0.5087463625	0.4900486	0.3652824
SRR521221	0.1851807	0.24607005	0.270057875	0.2333593	0.1281970875	0.2715369	0.2115812625	0.1697508375	0.104838375	0.26312715	0.128046275	0.1651012625	0.2368368	0.2284149125	0.2855755	0.1536650375	0.145889275	0.2297160125	0.1519328375	0.190231175	0.0960092875	0.0995735875	0.0	0.38672675	0.1981806	0.1537338	0.1316374	0.1658542875	0.409288925	0.179443075	0.1071563625	0.4166705125	0.18089175	0.44429645	0.4394184	0.1017841125	0.1471006625	0.42248225	0.337681525	0.145555875	0.1343576375	0.2047250125	0.4022009	0.404248175	0.4117950125	0.2015027625	0.48356635	0.3919629875	0.4050407625	0.4046640625	0.3845844375	0.319967075	0.4511053625	0.3263646625	0.4216836875	0.17415485	0.1637749375	0.2842191875	0.152615625	0.127031225	0.272121675	0.1697044125	0.28935705	0.337387375	0.307642275	0.4252283125	0.4520962125	0.2809346	0.37253145	0.2291731125	0.22344165	0.2322542	0.4732165875	0.4110526625	0.1799913625	0.436318325	0.4594213375	0.3804687875	0.4280448625	0.4412236	0.393984075	0.460001125	0.44882185	0.473038725	0.46303275	0.4340187	0.4443178625	0.4463096875	0.31367475	0.4518127625	0.4541765	0.4458367625	0.3173347875
SRR521242	0.493213375	0.2312049	0.2247066	0.24489295	0.3891355625	0.596678225	0.2708404125	0.3239302125	0.410645875	0.2273812	0.3092218	0.3401648625	0.5261606	0.2938492125	0.189998375	0.3430147375	0.3472078	0.2591507625	0.3687535375	0.29709715	0.4287739625	0.4289348875	0.38672675	0.0	0.296758325	0.36263125	0.34251085	0.4804946125	0.16265675	0.29210335	0.3904706625	0.1925002375	0.4693406	0.245313575	0.248536625	0.4118923125	0.3507596875	0.1840746	0.2606784	0.4564662	0.3646401375	0.2893441625	0.218870825	0.174340425	0.1260170875	0.3398397375	0.2542867	0.1671598125	0.2014746375	0.1572035125	0.2100888875	0.173718875	0.2417054125	0.1506148375	0.2327956625	0.356483125	0.3165114125	0.2287544375	0.459031175	0.446724325	0.2259817	0.3229746625	0.227864525	0.18674255	0.2261614	0.2009032125	0.2207719375	0.251682775	0.0836461	0.2701657875	0.2701729	0.248519825	0.3051957125	0.1595492875	0.3071157125	0.2415653	0.2380513875	0.1502794625	0.1795335875	0.19514745	0.179909075	0.24232715	0.248587425	0.289863275	0.26252165	0.245345175	0.2057327625	0.2524538625	0.158109425	0.2216583125	0.254340275	0.2263400375	0.1379654625
SRR521203	0.298209325	0.135869675	0.164504625	0.13108735	0.1563964625	0.3950926	0.1074748875	0.1157733875	0.215486425	0.159223225	0.13418915	0.0818444125	0.303398275	0.0860202125	0.19940385	0.1228092375	0.124310325	0.1174042875	0.1464551875	0.0749891	0.2429701625	0.2511203625	0.1981806	0.296758325	0.0	0.1174139	0.127963525	0.2789235375	0.312347925	0.094549425	0.1847606875	0.3381690125	0.238755275	0.3486636	0.33748745	0.2048453625	0.1441471625	0.33057565	0.22603765	0.238419475	0.1459563625	0.1120550875	0.303501275	0.313397425	0.3259532375	0.2845227375	0.38087875	0.2959938625	0.3112083625	0.3148762625	0.2920695125	0.29256895	0.3587742375	0.2344873125	0.3278157125	0.13754925	0.1152442875	0.1444131375	0.2578664	0.22911075	0.16903135	0.1141851625	0.327324375	0.234105025	0.193397325	0.3360627875	0.3540287375	0.171168275	0.267897625	0.1190529875	0.12641975	0.2086564	0.3586738625	0.3061908625	0.1108009625	0.352060775	0.3668007375	0.2899087375	0.3379599875	0.3457538	0.2951985	0.37285025	0.351289475	0.3551324	0.361987775	0.34781945	0.3519941625	0.3340511125	0.230744475	0.3580889875	0.351634925	0.3539670375	0.2228679875
SRR521219	0.242223025	0.2204345	0.250984775	0.210233225	0.1136857875	0.337376225	0.1898406125	0.1530389625	0.162134925	0.2270415	0.14909785	0.0765510625	0.2428517	0.1583857625	0.249249325	0.1279493375	0.11923435	0.2023440125	0.1151363375	0.155000775	0.1845514875	0.1993277125	0.1537338	0.36263125	0.1174139	0.0	0.119678425	0.2201661875	0.38822545	0.15150175	0.1313137875	0.4202891375	0.179484	0.42733655	0.420036575	0.1533421375	0.1261633625	0.40163705	0.30920755	0.183475575	0.1153798375	0.1891501375	0.38672985	0.39495035	0.3930522625	0.2353964375	0.46334725	0.3680768625	0.3915803625	0.3870209375	0.3727060125	0.301129475	0.4367305125	0.3144038875	0.4142302375	0.11909885	0.1407316625	0.2189613875	0.2031171	0.17987895	0.251987575	0.1505047875	0.299863525	0.315828575	0.2759689	0.4171001375	0.4254113375	0.254074675	0.335560825	0.2025458875	0.206078575	0.201253525	0.4486141375	0.3738809125	0.1685065125	0.4305115	0.4461731625	0.3625693625	0.4054143125	0.412449425	0.3695992	0.452115	0.440206175	0.4413915	0.4448036	0.431201125	0.4326126125	0.4122325375	0.296917325	0.4376633875	0.430307625	0.4325865625	0.3005276375
SRR521197	0.242041325	0.16622995	0.186777975	0.1632007	0.1083488125	0.3332343	0.1219230375	0.0886593875	0.14697715	0.187806075	0.101071875	0.0992249625	0.281050825	0.1668516375	0.235080275	0.0736952375	0.075059975	0.1513960625	0.0939299625	0.1167289	0.1834050125	0.1914292875	0.1316374	0.34251085	0.127963525	0.119678425	0.0	0.2127983375	0.353440925	0.112867	0.1152164375	0.3740650125	0.21927655	0.38404985	0.371507025	0.1372266125	0.0884325875	0.372536175	0.26605315	0.1876208	0.0832441125	0.1195544375	0.35502815	0.3547907	0.3666377875	0.2317657875	0.4224177	0.3348193125	0.3568852875	0.3535442875	0.3220074375	0.287157275	0.3948741125	0.2689609875	0.3638000375	0.128150575	0.1002044625	0.2094557375	0.20033045	0.159960325	0.1931576	0.1031385625	0.311677725	0.293798425	0.22212915	0.3711922375	0.3956636875	0.20719675	0.32144435	0.1571912625	0.14751665	0.201903425	0.3982787875	0.3535708375	0.1266864375	0.388590675	0.4024882125	0.3290343625	0.3789205375	0.387102825	0.3472047	0.4066708	0.390545525	0.39918775	0.397975625	0.3803345	0.3893438625	0.3703440375	0.2704613	0.3928511875	0.38868465	0.3974918625	0.2644594375
SRR521227	0.0833012875	0.3294498125	0.3584425125	0.3135123125	0.1999387	0.1936932375	0.29858085	0.24943295	0.1463663125	0.3408052125	0.2410516125	0.2431433	0.1613393875	0.296439275	0.3731378875	0.225138875	0.2149735375	0.31206445	0.205286275	0.2592336125	0.126302625	0.12702965	0.1658542875	0.4804946125	0.2789235375	0.2201661875	0.2127983375	0.0	0.5036447625	0.2511816625	0.159959275	0.523027475	0.1533430625	0.5354680625	0.5363281125	0.147846525	0.205669325	0.5247118625	0.4290751875	0.1131671375	0.200111075	0.282087625	0.5108787625	0.4997890125	0.50789465	0.2082121	0.5751443375	0.488618775	0.489534825	0.497939675	0.468651625	0.4127581375	0.5527416	0.4190255	0.522540925	0.2295255125	0.237660125	0.353152275	0.0893198875	0.1037837625	0.3559969875	0.235884575	0.3852791625	0.4448039125	0.3940593875	0.51645755	0.54757145	0.3627540375	0.4696026125	0.3063333	0.3036183375	0.3273221375	0.567829125	0.5042328	0.262418675	0.5433464875	0.555602525	0.478223675	0.5274179	0.5379731125	0.5000254875	0.5590414625	0.5493402625	0.5661257125	0.5606133625	0.5373980375	0.53330245	0.53375565	0.4203386125	0.54454655	0.5471345875	0.54587215	0.41116385
SRR521247	0.51476765	0.24592915	0.230610125	0.2612229	0.4069323625	0.618145075	0.2842500875	0.3400700625	0.429846275	0.244313225	0.33235405	0.3602204875	0.54386025	0.3095124375	0.266531625	0.3643652125	0.36944155	0.2762781375	0.3897836375	0.31452035	0.4545319625	0.4559900375	0.409288925	0.16265675	0.312347925	0.38822545	0.353440925	0.5036447625	0.0	0.30801895	0.4099216375	0.1119574125	0.4903502	0.155398375	0.1538305	0.4365259625	0.3713447375	0.09950865	0.20849635	0.47617095	0.3860165125	0.2996498875	0.117585575	0.08745255	0.1001681875	0.4250785625	0.159401675	0.0593728125	0.1167651625	0.0487560125	0.1161483625	0.300773275	0.1308417125	0.1589195625	0.1426171125	0.3704279	0.3388335375	0.2351399875	0.4772322	0.465045925	0.23175885	0.3473034875	0.34172395	0.130762	0.1942256	0.0885259875	0.1316791875	0.264078425	0.1620312	0.2905963625	0.283782525	0.31511435	0.2044100625	0.0992937875	0.3246682125	0.143468225	0.1398755625	0.0952620375	0.1003010375	0.12258195	0.078623525	0.150450225	0.14773325	0.1987069	0.1661101	0.150551	0.1150830375	0.1551481375	0.2053143	0.1315065375	0.157702775	0.1297463625	0.1683663375
SRR521172	0.27395395	0.13011685	0.175825175	0.1206427	0.1633354125	0.372596	0.1096878375	0.1003978125	0.185270525	0.1361335	0.10769525	0.1163510625	0.3096836	0.1178413375	0.1908811	0.1106077125	0.11402325	0.1332314875	0.1250142125	0.083464925	0.2151878875	0.2286774625	0.179443075	0.29210335	0.094549425	0.15150175	0.112867	0.2511816625	0.30801895	0.0	0.1565677875	0.3310332125	0.243549025	0.347265	0.338738975	0.1843209125	0.1267764625	0.31895915	0.24847035	0.21918585	0.1317322125	0.1001489625	0.31296225	0.305698575	0.3152955875	0.2506274375	0.377071325	0.2902796125	0.3078058375	0.3083769625	0.2836076125	0.278434725	0.3596231375	0.2300058125	0.3309121375	0.136251575	0.0939665125	0.1641573125	0.2342771	0.208365125	0.1722055	0.1048492375	0.31360605	0.250853375	0.199842625	0.3298470375	0.3491758875	0.18839	0.2726901	0.1294894375	0.12311485	0.20091845	0.3700166125	0.3077955875	0.0920459625	0.345095125	0.3568742375	0.2839351625	0.3277658875	0.3384078	0.297746525	0.37055695	0.357442975	0.367157875	0.359619975	0.34723845	0.3414689125	0.3321074125	0.2307645	0.3509836125	0.350073925	0.3507383625	0.2178960125
SRR521173	0.1881020625	0.2212379875	0.2549853125	0.2119790125	0.10398585	0.2816358375	0.1963587	0.142257425	0.0791431625	0.2339246625	0.1459888875	0.14707425	0.2470281875	0.214726625	0.2764015875	0.1264167	0.1208708125	0.2090337	0.11665435	0.1538622375	0.139927275	0.1584943	0.1071563625	0.3904706625	0.1847606875	0.1313137875	0.1152164375	0.159959275	0.4099216375	0.1565677875	0.0	0.42522855	0.1860698875	0.4278542375	0.4343753875	0.100539925	0.1189576	0.4194661125	0.3231358875	0.1473552875	0.10712365	0.171051775	0.4106717875	0.4026598875	0.4120195	0.217385575	0.4776451375	0.389360725	0.401447075	0.3997944	0.372143875	0.3204917125	0.44056055	0.32309845	0.4262949	0.1479030625	0.138071575	0.262632175	0.1513860875	0.1191650375	0.2508057875	0.1476522	0.3042267125	0.3458721875	0.2754528625	0.419142125	0.450487075	0.2642089375	0.3727081875	0.20606175	0.1847462625	0.2306079375	0.4564976	0.4073242	0.1615541	0.4290470625	0.448426725	0.3699153	0.428170725	0.4375941625	0.4035815875	0.4559279125	0.4458504625	0.4553320375	0.4465708625	0.4331300125	0.437925525	0.428015575	0.3107253125	0.44435685	0.4410550625	0.436660075	0.303042175
SRR521232	0.5408934875	0.2638443375	0.2476901625	0.2702818375	0.424918825	0.6292672875	0.30016725	0.3525248	0.4518675875	0.2593381625	0.3297772625	0.380846875	0.5751610625	0.336915825	0.3133955625	0.384631475	0.3889981625	0.28998275	0.41271835	0.3330855375	0.46282395	0.4658759	0.4166705125	0.1925002375	0.3381690125	0.4202891375	0.3740650125	0.523027475	0.1119574125	0.3310332125	0.42522855	0.0	0.5182814875	0.1148514375	0.1050224375	0.448822075	0.391106975	0.0858640875	0.2142208125	0.5066128125	0.4048615	0.3208943	0.0981939625	0.0795551125	0.12377215	0.4739563	0.1458343125	0.1272658	0.0864862	0.1107905	0.0972873	0.3266309625	0.122636475	0.2137487	0.08733835	0.3995725875	0.35663145	0.268126775	0.5007398375	0.4843345625	0.2379741125	0.363404525	0.3779733125	0.1476752375	0.2070225625	0.094982625	0.122580975	0.2728086375	0.2133221125	0.297906925	0.2911456625	0.3701062875	0.154892525	0.156274275	0.331843025	0.1084500375	0.1175815	0.1329576	0.087273125	0.1049893625	0.1117169125	0.1123070875	0.1139253125	0.1546364375	0.1338180875	0.1110851875	0.08561675	0.13247275	0.2219978375	0.10113845	0.1215578625	0.11261095	0.2105134
SRR521220	0.161889725	0.320745925	0.355701225	0.316352025	0.2048271125	0.2639248	0.2980223625	0.2544921375	0.17328205	0.3256965	0.2460777	0.2023278375	0.125135675	0.2152508125	0.34256	0.2271914625	0.2154555	0.3071865625	0.1955422875	0.2614536	0.1498229875	0.1642708875	0.18089175	0.4693406	0.238755275	0.179484	0.21927655	0.1533430625	0.4903502	0.243549025	0.1860698875	0.5182814875	0.0	0.52080905	0.523294775	0.1778206875	0.2200536625	0.508226425	0.425354725	0.13545695	0.2024145125	0.2870911125	0.4894678	0.4923531	0.5037175875	0.2436034375	0.541256225	0.4674362125	0.4872186875	0.4961874875	0.4675076375	0.4097863	0.5415091125	0.4116157625	0.5146875875	0.168750075	0.2363992125	0.2985208375	0.1346539	0.138704075	0.362997375	0.2543500125	0.38469	0.4217385	0.3879954	0.5122578125	0.5266696125	0.358276425	0.4449394	0.3077786625	0.31642625	0.2986449	0.5510886375	0.4732958375	0.2609664125	0.531823975	0.5413446875	0.4672235875	0.5119744875	0.5187691	0.48308665	0.548954575	0.534594725	0.548497625	0.543671075	0.531676575	0.5266074625	0.5139377625	0.416485075	0.5383104375	0.5294987	0.5339265375	0.3965895375
SRR521259	0.5598877	0.2733035	0.248060375	0.283657525	0.4352083375	0.64925215	0.3114654125	0.3597154875	0.46085915	0.26967685	0.370078275	0.3923188875	0.58199455	0.3394463625	0.348065075	0.3801588875	0.3814803	0.2888230375	0.4094874875	0.3357917	0.4925118625	0.4983941125	0.44429645	0.245313575	0.3486636	0.42733655	0.38404985	0.5354680625	0.155398375	0.347265	0.4278542375	0.1148514375	0.52080905	0.0	0.052131875	0.4543062375	0.3952182375	0.1061777	0.2276935	0.510671375	0.4024668125	0.3250564625	0.1456999	0.120088625	0.1666434625	0.5166310875	0.0959958	0.1464481625	0.0968072375	0.1577581375	0.1050653375	0.389529775	0.0961459125	0.2624663375	0.0807682125	0.399213375	0.3583819375	0.2682445125	0.5121987	0.48318295	0.25308185	0.3693182375	0.437158625	0.179953525	0.21822465	0.1063744625	0.0837926125	0.28515745	0.249266575	0.2967653125	0.301162375	0.4058571	0.0928358375	0.1854685375	0.3454058375	0.056510025	0.0614331375	0.1799427375	0.1075512125	0.08904	0.149543325	0.061292375	0.062296	0.06826975	0.063814525	0.063708375	0.0873147375	0.0583215625	0.277729	0.0722843625	0.052259975	0.0669260375	0.2318113375
